start=3.253000
aid=2
sid=no
sub-delay=2.999997
