start=3934.935000
fullscreen=yes
aid=2
sid=2
sub-delay=10.000000
